
ov	GSE9891 rownorm minsize 10
8	121	3352	0.03609
9	133	3312	0.04016
10	137	3272	0.04187
11	129	3216	0.04011
12	128	2697	0.04746

ov	tcga	rownorm	minsize 10
8	114	3215
9	126	2578
10	111	1771
11	89	1192
12	66	725

ov	gse26712	rownorm	minsize 10
8	16	240
9	9	98
10	8	84
11	5	29
12	3	10

brca	gse2034	rownorm	minsize 10
5	27	1616
6	49	1216
7	66	1151
8	67	996
9	50	915
10	40	498
11	30	278
12	22	157

brca	tcga	rownorm minsize 10
8	119	2322
9	112	2183
10	121	1929
11	103	1731
12	98	1431

coad	gse14333	rownorm minsize 10
8	42	2138
9	49	1872
10	44	1415
11	42	1106
12	31	730

coad	gse17536	rownorm minsize 10
8	81	2714
9	65	1586
10	47	803
11	37	664
12	31	466

coad	tcga	rownorm minsize 10
5	35	2109
6	89	3911
7	114	3723
8	118	3277
9	95	2036
10	64	987
11	37	671
12	23	346


TCGA	rownorm
varZ	39	3586	0.011
6	81	4513	0.017
7	107	4711	0.02
8	112	4649	0.024
9	120	4273	0.028
10	115	3624	0.0317
11	98	3105	0.0315
14	19	1421	0.013

GSE9891	rownorm
varZ	35	1053	0.0332
6	70	2420	0.0289
8	124	4714	0.0263
9	134	4027	0.033
10	130	4448	0.0292
11	128	4115	0.0311
12	116	3775	0.0307


TCGA
varZ	34	2701	0.012
6	72	4368	0.016
8	104	4542	0.023
10	120	3565	0.033
